             -1       0.367879              0            0.5       0.333333
          -0.99       0.371577           0.01        0.50005       0.338334
          -0.98       0.375311           0.02         0.5002       0.343335
          -0.97       0.379083           0.03        0.50045       0.348338
          -0.96       0.382893           0.04         0.5008       0.353344
          -0.95       0.386741           0.05        0.50125       0.358354
          -0.94       0.390628           0.06         0.5018       0.363369
          -0.93       0.394554           0.07        0.50245       0.368391
          -0.92       0.398519           0.08         0.5032       0.373419
          -0.91       0.402524           0.09        0.50405       0.378455
           -0.9        0.40657            0.1          0.505         0.3835
          -0.89       0.410656           0.11        0.50605       0.388555
          -0.88       0.414783           0.12         0.5072       0.393621
          -0.87       0.418952           0.13        0.50845         0.3987
          -0.86       0.423162           0.14         0.5098       0.403791
          -0.85       0.427415           0.15        0.51125       0.408896
          -0.84       0.431711           0.16         0.5128       0.414016
          -0.83       0.436049           0.17        0.51445       0.419152
          -0.82       0.440432           0.18         0.5162       0.424305
          -0.81       0.444858           0.19        0.51805       0.429476
           -0.8       0.449329            0.2           0.52       0.434667
          -0.79       0.453845           0.21        0.52205       0.439877
          -0.78       0.458406           0.22         0.5242       0.445108
          -0.77       0.463013           0.23        0.52645       0.450361
          -0.76       0.467666           0.24         0.5288       0.455637
          -0.75       0.472367           0.25        0.53125       0.460938
          -0.74       0.477114           0.26         0.5338       0.466263
          -0.73       0.481909           0.27        0.53645       0.471614
          -0.72       0.486752           0.28         0.5392       0.476992
          -0.71       0.491644           0.29        0.54205       0.482398
           -0.7       0.496585            0.3          0.545       0.487833
          -0.69       0.501576           0.31        0.54805       0.493298
          -0.68       0.506617           0.32         0.5512       0.498795
          -0.67       0.511709           0.33        0.55445       0.504323
          -0.66       0.516851           0.34         0.5578       0.509884
          -0.65       0.522046           0.35        0.56125       0.515479
          -0.64       0.527292           0.36         0.5648       0.521109
          -0.63       0.532592           0.37        0.56845       0.526776
          -0.62       0.537944           0.38         0.5722       0.532479
          -0.61       0.543351           0.39        0.57605        0.53822
           -0.6       0.548812            0.4           0.58          0.544
          -0.59       0.554327           0.41        0.58405        0.54982
          -0.58       0.559898           0.42         0.5882       0.555681
          -0.57       0.565525           0.43        0.59245       0.561584
          -0.56       0.571209           0.44         0.5968       0.567531
          -0.55        0.57695           0.45        0.60125       0.573521
          -0.54       0.582748           0.46         0.6058       0.579556
          -0.53       0.588605           0.47        0.61045       0.585637
          -0.52       0.594521           0.48         0.6152       0.591765
          -0.51       0.600496           0.49        0.62005       0.597942
           -0.5       0.606531            0.5          0.625       0.604167
          -0.49       0.612626           0.51        0.63005       0.610442
          -0.48       0.618783           0.52         0.6352       0.616768
          -0.47       0.625002           0.53        0.64045       0.623146
          -0.46       0.631284           0.54         0.6458       0.629577
          -0.45       0.637628           0.55        0.65125       0.636063
          -0.44       0.644036           0.56         0.6568       0.642603
          -0.43       0.650509           0.57        0.66245       0.649199
          -0.42       0.657047           0.58         0.6682       0.655852
          -0.41        0.66365           0.59        0.67405       0.662563
           -0.4        0.67032            0.6           0.68       0.669333
          -0.39       0.677057           0.61        0.68605       0.676164
          -0.38       0.683861           0.62         0.6922       0.683055
          -0.37       0.690734           0.63        0.69845       0.690008
          -0.36       0.697676           0.64         0.7048       0.697024
          -0.35       0.704688           0.65        0.71125       0.704104
          -0.34        0.71177           0.66         0.7178       0.711249
          -0.33       0.718924           0.67        0.72445        0.71846
          -0.32       0.726149           0.68         0.7312       0.725739
          -0.31       0.733447           0.69        0.73805       0.733085
           -0.3       0.740818            0.7          0.745         0.7405
          -0.29       0.748264           0.71        0.75205       0.747985
          -0.28       0.755784           0.72         0.7592       0.755541
          -0.27       0.763379           0.73        0.76645       0.763169
          -0.26       0.771052           0.74         0.7738       0.770871
          -0.25       0.778801           0.75        0.78125       0.778646
          -0.24       0.786628           0.76         0.7888       0.786496
          -0.23       0.794534           0.77        0.79645       0.794422
          -0.22       0.802519           0.78         0.8042       0.802425
          -0.21       0.810584           0.79        0.81205       0.810507
           -0.2       0.818731            0.8           0.82       0.818667
          -0.19       0.826959           0.81        0.82805       0.826907
          -0.18        0.83527           0.82         0.8362       0.835228
          -0.17       0.843665           0.83        0.84445       0.843631
          -0.16       0.852144           0.84         0.8528       0.852117
          -0.15       0.860708           0.85        0.86125       0.860687
          -0.14       0.869358           0.86         0.8698       0.869343
          -0.13       0.878095           0.87        0.87845       0.878084
          -0.12        0.88692           0.88         0.8872       0.886912
          -0.11       0.895834           0.89        0.89605       0.895828
           -0.1       0.904837            0.9          0.905       0.904833
          -0.09       0.913931           0.91        0.91405       0.913929
          -0.08       0.923116           0.92         0.9232       0.923115
          -0.07       0.932394           0.93        0.93245       0.932393
          -0.06       0.941765           0.94         0.9418       0.941764
          -0.05       0.951229           0.95        0.95125       0.951229
          -0.04       0.960789           0.96         0.9608       0.960789
          -0.03       0.970446           0.97        0.97045       0.970445
          -0.02       0.980199           0.98         0.9802       0.980199
          -0.01        0.99005           0.99        0.99005        0.99005
              0              1              1              1              1
           0.01        1.01005           1.01        1.01005        1.01005
           0.02         1.0202           1.02         1.0202         1.0202
           0.03        1.03045           1.03        1.03045        1.03045
           0.04        1.04081           1.04         1.0408        1.04081
           0.05        1.05127           1.05        1.05125        1.05127
           0.06        1.06184           1.06         1.0618        1.06184
           0.07        1.07251           1.07        1.07245        1.07251
           0.08        1.08329           1.08         1.0832        1.08329
           0.09        1.09417           1.09        1.09405        1.09417
            0.1        1.10517            1.1          1.105        1.10517
           0.11        1.11628           1.11        1.11605        1.11627
           0.12         1.1275           1.12         1.1272        1.12749
           0.13        1.13883           1.13        1.13845        1.13882
           0.14        1.15027           1.14         1.1498        1.15026
           0.15        1.16183           1.15        1.16125        1.16181
           0.16        1.17351           1.16         1.1728        1.17348
           0.17         1.1853           1.17        1.18445        1.18527
           0.18        1.19722           1.18         1.1962        1.19717
           0.19        1.20925           1.19        1.20805        1.20919
            0.2         1.2214            1.2           1.22        1.22133
           0.21        1.23368           1.21        1.23205        1.23359
           0.22        1.24608           1.22         1.2442        1.24597
           0.23         1.2586           1.23        1.25645        1.25848
           0.24        1.27125           1.24         1.2688         1.2711
           0.25        1.28403           1.25        1.28125        1.28385
           0.26        1.29693           1.26         1.2938        1.29673
           0.27        1.30996           1.27        1.30645        1.30973
           0.28        1.32313           1.28         1.3192        1.32286
           0.29        1.33643           1.29        1.33205        1.33611
            0.3        1.34986            1.3          1.345         1.3495
           0.31        1.36343           1.31        1.35805        1.36302
           0.32        1.37713           1.32         1.3712        1.37666
           0.33        1.39097           1.33        1.38445        1.39044
           0.34        1.40495           1.34         1.3978        1.40435
           0.35        1.41907           1.35        1.41125         1.4184
           0.36        1.43333           1.36         1.4248        1.43258
           0.37        1.44773           1.37        1.43845        1.44689
           0.38        1.46228           1.38         1.4522        1.46135
           0.39        1.47698           1.39        1.46605        1.47594
            0.4        1.49182            1.4           1.48        1.49067
           0.41        1.50682           1.41        1.49405        1.50554
           0.42        1.52196           1.42         1.5082        1.52055
           0.43        1.53726           1.43        1.52245         1.5357
           0.44        1.55271           1.44         1.5368          1.551
           0.45        1.56831           1.45        1.55125        1.56644
           0.46        1.58407           1.46         1.5658        1.58202
           0.47        1.59999           1.47        1.58045        1.59775
           0.48        1.61607           1.48         1.5952        1.61363
           0.49        1.63232           1.49        1.61005        1.62966
            0.5        1.64872            1.5          1.625        1.64583
           0.51        1.66529           1.51        1.64005        1.66216
           0.52        1.68203           1.52         1.6552        1.67863
           0.53        1.69893           1.53        1.67045        1.69526
           0.54        1.71601           1.54         1.6858        1.71204
           0.55        1.73325           1.55        1.70125        1.72898
           0.56        1.75067           1.56         1.7168        1.74607
           0.57        1.76827           1.57        1.73245        1.76332
           0.58        1.78604           1.58         1.7482        1.78072
           0.59        1.80399           1.59        1.76405        1.79828
            0.6        1.82212            1.6           1.78          1.816
           0.61        1.84043           1.61        1.79605        1.83388
           0.62        1.85893           1.62         1.8122        1.85192
           0.63        1.87761           1.63        1.82845        1.87012
           0.64        1.89648           1.64         1.8448        1.88849
           0.65        1.91554           1.65        1.86125        1.90702
           0.66        1.93479           1.66         1.8778        1.92572
           0.67        1.95424           1.67        1.89445        1.94458
           0.68        1.97388           1.68         1.9112        1.96361
           0.69        1.99372           1.69        1.92805         1.9828
            0.7        2.01375            1.7          1.945        2.00217
           0.71        2.03399           1.71        1.96205         2.0217
           0.72        2.05443           1.72         1.9792        2.04141
           0.73        2.07508           1.73        1.99645        2.06129
           0.74        2.09594           1.74         2.0138        2.08134
           0.75          2.117           1.75        2.03125        2.10156
           0.76        2.13828           1.76         2.0488        2.12196
           0.77        2.15977           1.77        2.06645        2.14254
           0.78        2.18147           1.78         2.0842        2.16329
           0.79         2.2034           1.79        2.10205        2.18422
            0.8        2.22554            1.8           2.12        2.20533
           0.81        2.24791           1.81        2.13805        2.22662
           0.82         2.2705           1.82         2.1562        2.24809
           0.83        2.29332           1.83        2.17445        2.26975
           0.84        2.31637           1.84         2.1928        2.29158
           0.85        2.33965           1.85        2.21125         2.3136
           0.86        2.36316           1.86         2.2298        2.33581
           0.87        2.38691           1.87        2.24845         2.3582
           0.88         2.4109           1.88         2.2672        2.38078
           0.89        2.43513           1.89        2.28605        2.40354
            0.9         2.4596            1.9          2.305         2.4265
           0.91        2.48432           1.91        2.32405        2.44965
           0.92        2.50929           1.92         2.3432        2.47298
           0.93        2.53451           1.93        2.36245        2.49651
           0.94        2.55998           1.94         2.3818        2.52023
           0.95        2.58571           1.95        2.40125        2.54415
           0.96         2.6117           1.96         2.4208        2.56826
           0.97        2.63794           1.97        2.44045        2.59256
           0.98        2.66446           1.98         2.4602        2.61707
           0.99        2.69123           1.99        2.48005        2.64177
              1        2.71828              2            2.5        2.66667
